20
25 18 -40 -28 -36 -18 33 6 33 -20 29 47 25 26 33 -15 36 13 -21 -38 
-35 37 20 -18 12 -10 41 -46 -2 -34 -25 26 -13 38 0 1 -30 -16 10 6 
-34 -11 3 -7 17 -14 29 3 1 10 15 16 -50 38 48 -36 30 -9 -32 -22 
8 46 6 -3 -14 -43 48 6 43 8 -38 -41 -1 -33 2 -34 3 33 -28 -46 
46 -11 -28 -2 -23 22 12 -43 16 -18 38 26 -22 -6 -27 14 -47 23 23 46 
34 -13 7 -17 5 12 -48 10 47 -26 -33 43 13 -11 -9 41 14 5 0 32 
38 -12 8 -34 -15 31 -17 -12 -44 -44 37 40 -7 -6 -26 0 8 -24 -39 6 
-48 -22 -49 15 -31 45 -42 -15 0 9 -33 -12 -1 25 -43 34 -42 42 25 -35 
0 12 -45 -5 -44 31 46 -33 9 -43 23 11 37 -24 29 -44 -29 37 -8 -26 
48 -39 -36 -2 37 -29 34 45 15 9 12 -35 -29 18 11 30 -1 -41 47 11 
-34 -28 -28 5 -50 -49 11 24 -9 5 48 41 17 -38 41 -44 36 26 -49 1 
37 -34 -31 11 34 30 -9 35 39 40 -4 7 14 -29 -38 14 24 -25 -12 -35 
31 38 -43 -50 3 0 -44 -11 -24 9 -8 16 25 11 -23 -39 43 -30 -1 -16 
12 45 -7 -24 18 -43 -8 -7 -17 -17 8 16 -29 -33 16 24 18 -26 15 -4 
-15 10 -38 -39 -29 41 24 17 -39 -27 3 23 21 47 1 -11 -46 44 -16 -13 
29 -5 5 2 12 23 29 32 47 -6 31 35 -46 -5 46 28 -13 -28 47 -2 
-4 0 -28 19 -3 23 10 2 -31 45 -9 48 -10 -1 1 -48 -28 32 -13 22 
-24 20 7 33 -35 -45 -37 2 -23 -40 -49 -25 10 25 -4 10 -50 -43 14 22 
-48 7 20 -8 -44 23 46 -21 5 -17 3 -16 5 -40 19 21 17 -16 -27 -4 
-6 26 22 6 -47 -32 -34 6 -25 -18 -22 29 40 48 -29 46 -26 -32 27 -19 
20
-47 32 -33 9 42 -12 32 -39 22 -45 8 18 -16 -20 -25 39 -50 43 -5 28 
28 23 7 18 -26 -19 -34 -2 -1 -4 -19 -46 -22 -49 -35 23 -11 47 34 -38 
5 -8 -18 39 -26 7 28 -25 -47 -26 5 31 -1 14 -49 23 45 -33 23 -6 
-35 -45 -49 -6 -44 -34 -33 47 16 3 11 -29 46 44 12 22 -47 42 -1 -44 
18 -46 -11 -32 19 -10 41 14 -40 15 11 -25 -28 -36 19 -22 32 -12 -25 -2 
-6 -11 19 -10 -17 33 -38 -14 26 12 -7 -6 -32 -16 12 -11 25 4 -46 35 
21 -33 12 43 -19 34 23 -37 24 0 12 -32 39 33 8 -28 17 -27 9 45 
-13 4 -11 -43 38 4 -3 -35 10 1 2 -19 -30 -35 26 1 1 -1 -34 -25 
49 -20 -6 39 16 4 13 35 -21 -28 30 16 -22 21 24 19 -25 23 34 35 
-26 39 18 46 6 -6 49 -43 -5 -35 -18 -5 48 26 36 14 33 -1 -1 -38 
-26 31 -19 2 2 7 -29 -20 -20 8 17 -44 -3 -14 -48 5 -18 -49 12 28 
18 44 25 16 -27 11 32 -44 12 33 20 36 14 -49 41 19 8 14 49 38 
-28 16 44 -29 -48 46 26 37 -1 40 -33 20 35 -6 38 10 7 21 -32 -31 
4 38 8 21 40 -1 -10 -2 -37 -11 39 38 -45 33 11 10 -18 40 49 31 
30 -34 -47 -33 10 42 27 19 13 45 38 19 34 -4 42 -24 -3 -18 -24 11 
-27 -35 -49 -21 1 12 -9 33 2 -10 -34 35 -42 -30 -48 -30 -38 30 39 -23 
-23 -21 46 13 26 39 39 25 23 18 -14 47 33 -13 28 -16 2 -31 19 6 
-39 36 -9 -31 -44 -6 41 20 26 30 47 -47 -41 -5 -31 -13 36 -42 -37 10 
26 -49 -41 -38 41 37 48 -7 8 18 1 19 4 43 -10 -38 -13 -19 32 15 
-39 -19 18 22 26 37 -40 13 -2 25 25 26 26 34 -10 17 21 -11 12 31 
